3 3 591 380 340 291 2 880 294 158 193 1 195 163 377 244
3 3 590 379 339 290 2 879 293 158 193 1 194 162 378 245
3 3 590 379 341 293 2 880 293 158 194 1 195 162 376 245
3 3 590 378 342 295 2 879 293 159 195 1 195 162 376 246
3 3 590 383 338 293 2 879 293 160 196 1 193 161 374 246
3 3 591 383 336 292 2 879 293 160 197 1 193 160 374 247
3 3 591 384 334 292 2 878 294 160 198 1 192 159 373 248
3 3 591 383 332 292 2 879 294 160 199 1 193 158 373 249
3 3 590 382 329 291 2 878 295 161 200 1 193 157 371 249
3 3 591 381 325 289 2 878 295 161 200 1 193 156 369 249
3 3 591 381 321 287 2 879 295 162 200 1 193 155 366 249
3 3 591 382 319 286 2 878 295 162 201 1 192 155 362 249
3 3 591 381 315 285 2 878 295 162 201 1 192 154 358 248
3 3 591 381 313 285 2 879 296 162 202 1 191 152 353 247
3 3 592 382 310 286 2 879 296 162 202 1 191 150 349 247
3 3 592 383 308 287 2 879 296 162 203 1 191 149 344 246
3 3 592 384 306 288 2 881 306 160 198 1 190 148 340 246
3 3 592 383 305 289 2 880 300 160 200 1 190 145 337 245
3 3 591 383 303 290 2 881 307 158 196 1 189 145 333 245
3 3 592 383 302 290 2 880 310 157 193 1 188 145 329 245
3 3 591 384 301 290 2 880 312 156 190 1 192 136 326 250
3 3 591 385 300 290 2 881 312 156 188 1 193 131 325 253
3 3 591 385 298 290 2 881 313 156 187 1 194 130 324 257
3 3 591 385 295 290 2 881 313 156 186 1 194 130 322 260
3 3 591 385 293 289 2 881 314 156 186 1 195 131 320 262
3 3 591 385 292 289 2 881 315 156 186 1 194 130 319 263
3 3 591 384 291 289 2 880 315 157 186 1 195 131 318 264
3 3 591 385 290 288 2 881 314 158 185 1 196 131 318 264
3 3 591 385 288 288 2 880 315 158 185 1 196 131 317 264
3 3 591 384 288 287 2 880 316 158 184 1 197 131 316 264
3 3 590 384 287 287 2 881 315 159 184 1 197 131 314 263
3 3 591 384 287 287 2 881 315 159 185 1 193 140 312 258
3 3 590 385 286 286 2 881 316 159 184 1 191 144 309 254
3 3 590 385 286 286 2 881 315 159 185 1 192 145 308 251
3 3 589 385 285 286 2 881 315 160 185 1 195 137 307 252
3 3 590 385 284 286 2 881 315 161 185 1 192 143 306 250
3 3 589 384 283 285 2 882 316 162 186 1 190 145 305 248
3 3 589 385 282 286 2 881 316 162 186 1 191 147 304 248
3 3 589 385 282 286 2 881 316 164 187 1 190 147 303 247
3 3 588 385 281 285 2 880 316 165 187 1 189 147 302 246
3 3 587 386 281 285 2 880 316 165 187 1 189 147 301 246
3 3 588 386 281 285 2 880 317 166 188 1 189 147 300 246
3 3 588 387 281 284 2 879 318 167 188 1 189 146 300 245
3 3 589 389 282 284 2 880 318 168 189 1 188 146 300 245
3 3 588 390 281 284 2 879 319 168 188 1 188 147 299 245
3 3 588 389 281 283 2 879 319 169 188 1 188 147 299 245
3 3 587 390 280 284 2 879 319 169 188 1 188 148 298 245
3 3 586 390 279 285 2 880 319 169 188 1 187 148 297 245
3 3 586 391 279 286 2 880 319 170 189 1 188 148 296 245
3 3 584 391 277 286 2 880 319 170 188 1 187 149 296 245
3 3 584 391 276 286 2 880 319 170 188 1 187 149 295 244
3 3 584 388 277 287 2 880 319 170 188 1 187 150 295 244
3 3 584 389 277 288 2 880 320 170 188 1 187 151 294 244
3 3 585 389 278 288 2 880 320 171 188 1 187 151 294 244
3 3 583 389 279 289 2 880 321 171 188 1 186 151 293 244
3 3 581 388 279 289 2 880 321 171 188 1 186 151 293 243
3 3 582 388 280 290 2 880 321 171 188 1 186 150 292 243
3 3 582 387 282 291 2 880 322 171 188 1 186 151 292 242
3 3 581 387 285 292 2 880 323 171 188 1 185 149 291 241
3 3 581 387 287 294 2 880 323 171 188 1 185 149 291 241
3 3 581 387 288 294 2 880 323 171 189 1 185 149 291 240
3 3 581 387 290 294 2 879 323 170 190 1 185 149 291 240
3 3 581 387 292 295 2 879 323 170 191 1 185 148 291 240
3 3 579 389 292 296 2 879 323 170 191 1 185 147 292 239
3 3 578 389 293 296 2 879 324 170 192 1 185 147 292 239
3 3 577 388 293 296 2 879 324 170 193 1 185 147 293 239
3 3 575 389 292 296 2 878 324 170 193 1 185 147 293 238
3 3 574 389 292 295 2 877 324 171 194 1 184 146 293 238
3 3 571 391 291 295 2 877 324 171 194 1 185 146 294 238
3 3 570 392 291 295 2 876 324 171 194 1 184 146 295 238
3 3 569 392 291 295 2 877 325 170 194 1 184 145 295 237
3 3 568 392 291 295 2 877 324 171 193 1 185 145 296 237
3 3 567 392 291 296 2 876 325 171 194 1 184 145 297 237
3 3 567 393 292 296 2 876 325 171 194 1 185 145 298 236
3 3 566 394 292 296 2 876 324 171 193 1 184 145 299 236
3 3 564 392 293 295 2 876 325 170 194 1 184 144 299 236
3 3 563 392 293 295 2 876 325 170 194 1 185 144 300 236
3 3 564 391 294 295 2 876 326 170 194 1 185 144 300 236
3 3 565 390 296 297 2 875 326 170 193 1 186 135 305 246
3 3 565 390 297 298 2 874 327 171 193 1 186 131 308 253
3 3 566 390 299 298 2 874 327 171 192 1 186 130 311 259
3 3 566 390 301 299 2 875 327 172 192 1 186 130 313 262
3 3 566 390 303 300 2 875 327 172 192 1 187 130 314 265
